0.00556, 0.00125, 0.00078, 0.00263, 0.00125, -0.00556, -0.00146, 0.08084, 0.00078, -0.00146, -0.04607, -0.00410, 0.00263, 0.08084, -0.00410, 0.27937
0.00315, 0.00104, 0.00025, 0.00265, 0.00104, -0.00315, -0.00100, 0.11204, 0.00025, -0.00100, -0.05985, -0.00326, 0.00265, 0.11204, -0.00326, 0.35843
-0.00106, 0.00170, 0.00069, 0.00334, 0.00170, 0.00106, -0.00180, 0.13274, 0.00069, -0.00180, -0.06956, -0.00467, 0.00334, 0.13274, -0.00467, 0.38268

